1985-02-17,1,0,3,0,20,1
2007-10-13,1,0,2,1,2,1
1986-03-28,1,0,0,0,0,4
1988-05-15,1,0,0,0,0,0
2001-02-17,1,30,4,0,31,3
2000-07-03,1,2,1,0,0,0
2007-04-12,1,10,0,1,14,3
2007-09-22,1,5,1,0,5,1
2007-05-14,1,19,10,0,31,0
2009-05-02,1,0,41,0,22,88
2003-10-16,1,0,62,0,10,113
1998-09-16,1,8,4,0,17,0
1986-02-17,1,2,7,0,19,3
2006-02-19,1,27,0,0,0,0
2008-02-08,1,0,0,0,1,0
2001-12-10,1,0,1,0,3,0
2009-05-16,1,34,5,0,25,5
2009-06-06,1,0,3,0,3,0
1984-06-12,1,0,1,0,1,0
2002-03-28,1,28,2,0,37,1
1982-06-25,1,26,1,0,22,0
2004-12-17,1,15,0,0,12,0
2007-09-14,1,0,1,0,6,0
2001-08-09,1,8,0,0,10,0
1985-03-15,1,3,1,0,9,0
1986-04-14,1,4,1,0,11,0
1991-07-21,1,11,4,0,34,0
1995-01-06,1,0,3,0,11,3
2009-03-11,1,12,0,0,33,0
2008-11-18,1,14,0,0,20,1
2010-06-17,1,9,0,0,19,1
2007-11-28,1,2,1,0,17,0
2008-03-08,1,0,1,0,9,0
2006-11-19,1,8,1,0,2,0
1992-12-05,1,10,4,0,3,0
2008-08-01,1,0,0,0,3,0
1994-09-20,1,10,0,0,5,2
1995-02-23,1,32,0,0,3,0
1997-03-22,1,16,1,0,2,1
1998-12-28,1,12,1,0,1,0
1999-06-25,1,23,0,0,0,0
2001-03-17,1,29,5,0,0,0
2005-12-16,1,0,1,0,13,7
2006-06-20,1,8,1,0,13,13
2008-04-16,1,18,4,0,19,30
2010-07-18,1,0,0,0,2,0
2009-06-02,1,23,1,0,1,1
2009-04-22,1,21,0,0,4,1
2008-12-27,1,24,0,0,3,1
2008-06-16,1,16,0,0,0,0
2007-12-28,1,0,1,0,4,0
2010-06-16,1,0,4,0,11,3
2009-12-11,1,0,1,0,1,1
2009-06-12,1,11,2,0,4,0
2008-12-11,1,0,2,0,7,1
2008-06-13,1,5,0,0,9,2
2007-12-13,1,3,3,0,6,0
2010-08-07,1,0,3,0,7,3
2010-02-14,1,7,2,0,6,2
2009-08-09,1,6,4,0,7,3
2009-01-13,1,13,11,0,6,3
2008-07-15,1,0,5,0,4,0
2008-01-25,1,34,1,0,6,2
2007-07-27,1,0,1,0,0,0
2007-01-26,1,26,1,0,2,0
2010-06-17,1,5,0,0,8,0
2009-12-10,1,0,0,0,8,0
2009-06-13,1,19,0,0,9,4
2008-12-10,1,15,0,0,12,2
2008-06-10,1,4,4,0,5,0
2007-12-11,1,0,1,0,3,1
2007-12-11,1,0,0,0,4,0
2007-06-30,1,6,0,0,6,0
2010-03-06,1,5,5,0,3,15
2009-09-16,1,0,3,0,1,7
2009-03-17,1,4,0,0,4,0
2008-08-28,1,3,0,0,4,0
2008-08-22,1,0,1,0,2,0
2008-08-15,1,5,0,0,7,1
2008-02-17,1,6,0,0,7,1
2007-08-16,1,0,2,0,8,0
2007-08-16,1,0,2,0,5,0
2007-02-08,1,0,2,0,2,0
2009-02-17,1,6,0,0,2,0
2008-10-15,1,18,0,0,21,1
2008-04-24,1,15,0,0,3,0
2007-10-26,1,8,0,0,2,5
2008-07-11,1,4,2,0,1,0
2008-01-06,1,4,4,0,1,7
2008-01-06,1,6,0,0,12,1
2007-07-05,1,5,1,0,12,1
2010-09-10,1,0,5,0,12,5
2010-03-09,1,0,1,0,5,0
2009-09-18,1,0,2,0,4,0
2009-03-20,1,6,3,0,12,0
2008-03-13,1,2,0,0,0,0
2007-09-20,1,7,7,0,3,0
2008-12-19,1,3,0,0,3,0
2008-06-06,1,3,0,0,1,0
2007-12-01,1,0,0,0,15,0
2007-05-13,1,0,0,0,11,0
2010-06-23,1,6,0,0,20,0
2009-12-10,1,6,1,0,17,1
2009-01-16,1,0,1,0,11,0
2008-07-13,1,0,2,0,10,0
2009-06-22,1,0,3,0,9,0
2008-12-19,1,22,0,0,5,0
2008-06-06,1,18,1,0,3,0
2007-12-01,1,7,0,0,7,0
2009-05-13,1,4,0,0,5,0
2008-10-14,1,0,0,0,14,0
2008-04-23,1,6,0,0,21,1
2007-10-20,1,7,0,0,2,0
2007-10-20,1,5,0,0,4,0
2007-04-14,1,0,0,0,32,0
2009-05-08,1,8,0,0,30,0
2008-09-10,1,4,0,0,33,1
2008-03-11,1,0,3,0,34,6
2007-12-24,1,0,1,0,23,2
2007-11-30,1,0,1,0,33,1
2007-06-24,1,17,1,0,15,0
2010-06-26,1,0,0,0,10,0
2009-11-25,1,6,0,0,17,1
2009-04-15,1,3,1,0,15,0
2008-12-25,1,0,1,0,8,4
2008-06-19,1,4,4,0,18,0
2007-12-13,1,30,4,0,1,0
2010-05-24,1,6,1,0,0,0
2009-11-14,1,3,1,0,0,0
2009-05-16,1,23,0,0,4,0
2008-11-17,1,15,1,0,4,0
2008-05-13,1,0,3,0,4,0
2007-11-23,1,6,2,0,1,1
2009-09-24,1,13,2,0,1,1
2009-03-07,1,6,0,0,28,1
2008-08-13,1,9,2,0,13,5
2008-02-15,1,0,1,0,20,0
2009-05-12,1,0,1,0,16,0
2009-04-08,1,0,1,0,10,1
2008-12-18,1,7,4,0,3,0
2008-06-11,1,5,0,0,1,0
2007-12-15,1,20,0,0,0,0
2007-06-26,1,0,1,0,0,1
2009-11-22,1,7,4,0,0,0
2009-05-07,1,0,0,0,18,0
2009-03-31,1,5,0,0,17,0
2008-12-20,1,26,0,0,25,2
2010-06-23,1,32,0,0,21,2
2009-12-10,1,3,1,0,1,0
2009-06-12,1,6,0,0,3,0
2008-12-15,1,7,0,0,6,1
2008-03-24,1,0,1,0,5,7
2010-05-21,1,5,2,0,2,2
2009-11-16,1,9,1,0,8,1
2009-05-19,1,9,0,0,6,1
2008-11-17,1,4,0,0,2,1
2008-05-12,1,0,13,0,2,1
2007-11-22,1,7,5,0,2,1
2007-05-19,1,8,6,0,2,1
2009-08-17,1,7,2,0,1,1
2007-01-10,1,2,4,0,7,0
2010-09-18,1,4,1,0,2,0
2010-03-11,1,15,3,0,0,0
2009-09-21,1,2,0,0,11,0
2009-03-06,1,2,0,0,18,0
2010-09-19,1,4,0,0,13,0
2010-03-12,1,0,1,0,27,0
2009-09-18,1,0,0,0,19,0
2009-03-06,1,4,0,0,26,0
2008-08-06,1,5,0,0,31,0
2008-02-09,1,0,1,0,26,0
2007-08-18,1,31,1,0,28,1
2007-02-17,1,12,0,0,26,0
2010-11-15,1,0,0,0,16,0
2010-05-19,1,0,0,0,9,0
2009-11-10,1,3,4,0,1,0
2009-05-16,1,2,0,0,1,0
2008-11-17,1,0,1,0,0,2
2008-05-11,1,0,4,0,0,0
2007-11-22,1,0,1,0,23,0
2007-05-18,1,0,1,0,14,0
2010-06-19,1,21,2,0,10,0
2009-12-14,1,12,1,0,21,0
2010-10-16,1,3,2,0,14,1
2010-04-15,1,21,2,0,2,0
2009-10-16,1,5,0,0,2,0
2009-04-29,1,4,0,0,1,0
2008-10-09,1,4,0,0,2,0
2008-04-10,1,4,4,0,0,0
2010-09-14,1,13,0,0,3,1
2010-08-19,1,33,6,0,9,2
2010-03-13,1,24,1,0,3,1
2009-09-23,1,2,0,0,1,1
2010-06-25,1,4,0,0,1,1
2009-12-15,1,0,2,0,0,0
2008-12-21,1,14,2,0,1,1
2008-06-17,1,0,3,0,5,0
2010-07-05,1,0,0,0,5,0
2009-12-14,1,4,0,0,6,1
2009-06-08,1,7,0,0,0,0
2008-11-25,1,0,0,0,7,0
2008-06-09,1,9,0,0,5,0
2007-12-13,1,8,0,0,5,1
2010-09-16,1,0,4,0,1,1
2010-03-14,1,22,0,0,3,1
2009-09-21,1,24,3,0,2,2
2009-03-10,1,24,4,0,0,0
2008-11-18,1,13,1,0,0,0
2008-05-12,1,0,1,0,1,2
2007-11-22,1,32,0,0,1,1
2007-05-18,1,26,1,0,5,4
2010-11-17,1,28,0,0,11,0
2010-05-30,1,0,1,0,7,0
2008-11-10,1,6,0,0,11,0
2008-05-07,1,2,0,0,8,3
2010-11-19,1,5,0,0,1,1
2010-05-20,1,6,5,0,0,0
2009-01-23,1,8,0,0,16,1
2008-10-13,1,7,0,0,18,1
2008-04-18,1,20,3,0,17,0
2007-10-18,1,19,7,0,26,1
2009-10-15,1,3,0,0,1,1
2009-10-15,1,22,0,0,15,1
2009-09-22,1,9,0,0,4,0
2009-03-10,1,15,4,0,11,0
2008-12-12,1,29,3,0,24,1
2008-06-14,1,0,2,0,16,1
2007-12-15,1,29,4,0,20,0
2007-06-28,1,18,5,0,14,1
2010-05-22,1,21,0,0,12,0
2009-11-26,1,4,1,0,7,2
2009-05-16,1,16,2,0,10,0
2008-05-12,1,3,2,0,13,0
2007-11-23,1,0,0,0,17,1
2007-05-08,1,10,0,0,23,3
2010-07-23,1,7,0,0,23,3
2010-01-23,1,7,4,0,35,5
2009-09-20,1,7,1,0,35,5
2009-03-25,1,10,0,0,13,0
2010-03-17,1,18,0,0,14,1
2009-09-24,1,0,1,0,8,0
2009-03-11,1,0,0,0,6,0
2008-11-18,1,16,0,0,3,0
2008-05-16,1,10,0,0,2,0
2007-11-27,1,13,0,0,1,0
2010-10-19,1,10,2,0,2,0
2010-04-14,1,14,1,0,1,0
2009-10-22,1,11,1,0,11,1
2009-04-19,1,21,1,0,12,2
2010-07-19,1,2,3,0,5,2
2009-06-01,1,6,1,0,3,1
2008-11-07,1,0,1,0,12,0
2008-05-08,1,32,0,0,7,0
2009-06-10,1,16,0,0,13,1
2008-12-11,1,17,0,0,13,1
2008-06-02,1,19,4,0,11,0
2007-12-08,1,15,3,0,12,0
2007-12-08,1,12,7,0,37,4
2007-06-29,1,23,3,0,35,5
2010-09-10,1,18,11,0,31,6
2010-03-09,1,6,5,0,15,6
2009-09-18,1,34,6,0,14,3
2009-03-08,1,25,7,0,22,2
2010-09-10,1,12,0,0,8,1
2010-03-10,1,20,0,0,8,2
2009-09-21,1,23,0,0,29,1
2009-03-07,1,6,1,0,32,1
2008-08-09,1,23,2,0,25,1
2008-01-03,1,20,3,0,32,0
2010-10-15,1,3,1,0,5,0
2010-04-16,1,11,1,0,1,1
2008-03-14,1,5,0,0,15,2
2007-09-07,1,0,5,0,20,3
2010-07-01,1,0,2,0,19,9
2009-12-16,1,4,1,0,37,1
2009-06-26,1,7,0,0,7,1
2008-12-24,1,6,0,0,5,1
2008-06-13,1,3,3,0,4,0
2007-12-13,1,5,0,0,21,1
2010-11-18,1,0,1,0,17,1
2010-05-18,1,0,0,0,13,0
2009-11-30,1,0,2,0,14,1
2009-05-11,1,5,5,0,22,0
2008-03-20,1,6,0,0,2,1
2007-09-17,1,8,0,0,1,1
2007-09-17,1,4,0,0,9,0
2007-03-15,1,0,1,0,9,3
2010-07-19,1,22,0,0,23,0
2010-03-15,1,14,0,0,29,1
2009-07-03,1,11,1,0,25,1
2009-07-02,1,0,3,0,19,0
2008-12-10,1,7,0,0,14,1
2008-06-14,1,9,0,0,14,0
2008-04-15,1,0,3,0,16,0
2007-10-20,1,0,2,0,9,0
2009-05-30,1,0,7,0,0,0
2008-05-07,1,3,35,0,29,80
2008-11-03,1,23,37,0,21,70
2008-05-07,1,15,27,0,7,54
2009-11-30,1,5,48,0,18,77
2009-05-11,1,33,29,0,6,40
2009-03-17,1,10,29,0,4,45
2008-08-18,1,22,24,0,3,27
2008-02-26,1,4,25,0,5,32
2007-08-19,1,0,10,0,20,7
2007-08-19,1,9,0,0,10,2
2007-02-20,1,7,5,0,20,5
2010-06-25,1,7,4,0,22,5
2009-05-30,1,0,9,0,13,4
2008-11-03,1,0,6,0,4,2
2008-05-07,1,12,1,0,30,0
2010-09-10,1,0,3,0,29,0
2010-03-09,1,0,1,0,28,0
2009-09-18,1,3,64,0,17,28
2009-03-27,1,14,81,0,18,27
2009-01-10,1,0,51,0,35,12
2008-07-05,1,16,61,0,28,19
2008-01-04,1,4,82,0,12,77
2007-07-13,1,0,64,0,6,56
2010-06-14,1,0,74,0,6,58
2009-12-13,1,0,57,0,2,16
2008-10-14,1,3,24,0,20,6
2008-04-22,1,0,18,0,21,6
2007-10-16,1,0,13,0,21,4
2007-04-21,1,0,26,0,24,6
2010-09-13,1,5,27,0,22,5
2010-03-10,1,0,41,0,16,7
2009-09-18,1,10,44,0,27,15
2009-03-08,1,8,52,0,23,11
2008-08-06,1,0,43,0,27,14
2008-02-15,1,3,47,0,24,13
2010-11-22,1,15,77,0,8,114
2010-05-14,1,12,71,0,6,121
2009-11-30,1,29,73,0,13,105
2009-05-30,1,0,0,0,27,1
2008-10-22,1,5,0,0,30,2
2008-04-24,1,4,6,0,15,0
2010-09-11,1,0,5,0,2,0
2010-03-08,1,0,24,0,0,18
2009-09-18,1,4,20,0,4,12
2009-03-16,1,5,31,0,4,8
2009-05-11,1,0,25,0,4,4
2008-10-09,1,0,10,0,1,2
2008-04-23,1,12,25,0,1,3
2007-10-23,1,0,3,0,32,2
2007-10-23,1,0,20,0,2,4
2007-04-23,1,5,10,0,2,4
2010-11-17,1,0,8,0,2,4
2010-05-24,1,0,16,0,0,0
2009-11-16,1,0,16,0,0,25
2009-05-18,1,0,0,0,34,1
2009-05-07,1,17,0,0,28,2
2008-10-15,1,11,1,0,36,5
2008-04-24,1,5,2,0,27,5
2007-10-21,1,19,2,0,25,4
2007-10-21,1,0,8,0,19,0
2007-04-13,1,0,1,0,37,0
2010-06-17,1,0,2,0,19,0
2009-12-11,1,16,25,0,7,15
2009-06-10,1,18,41,0,8,16
2010-08-10,1,13,37,0,3,4
2008-07-11,1,8,26,0,1,8
2008-01-05,1,6,9,0,32,3
2007-07-17,1,4,6,0,20,0
2010-09-09,1,9,35,0,15,3
2010-03-15,1,4,18,0,7,2
2009-09-23,1,15,3,0,3,1
2009-08-27,1,23,38,0,18,9
2008-08-07,1,4,4,0,25,9
2008-03-08,1,3,6,0,15,8
2008-02-11,1,0,5,0,4,5
2007-08-13,1,0,6,0,2,11
2007-02-21,1,31,63,0,3,11
2010-11-19,1,22,66,0,9,9
2010-05-21,1,20,48,0,9,9
2007-10-17,1,8,64,0,7,16
2007-04-17,1,23,69,0,8,13
2010-11-15,1,5,91,0,3,29
2010-05-13,1,8,71,0,3,22
2008-11-15,1,0,83,0,1,31
2008-05-10,1,0,64,0,1,21
2007-11-21,1,0,0,0,0,8
2007-05-18,1,12,77,0,2,25
2010-06-20,1,0,48,0,0,8
2009-12-15,1,0,44,0,0,6
2009-11-14,1,0,26,0,0,1
2009-05-08,1,4,37,0,0,9
2009-03-22,1,0,3,0,29,9
2008-09-14,1,0,1,0,27,6
2008-09-14,1,5,4,0,27,2
2008-03-17,1,0,15,0,1,4
2009-05-07,1,0,10,0,1,1
2009-03-31,1,9,17,0,3,5
2008-12-20,1,9,19,0,2,5
2008-06-07,1,3,10,0,2,1
2007-12-15,1,15,19,0,1,7
2007-06-22,1,15,18,0,3,1
2010-06-17,1,0,7,0,1,3
2009-12-11,1,7,0,0,2,1
2009-03-30,1,7,4,0,2,1
2009-01-10,1,7,4,0,1,0
2008-07-05,1,5,5,0,1,0
2008-01-04,1,7,5,0,1,0
2009-10-10,1,0,22,0,0,8
2009-03-22,1,33,15,0,0,4
2008-08-20,1,16,20,0,3,8
2008-02-18,1,14,22,0,2,9
2008-02-18,1,2,16,0,0,4
2007-08-23,1,10,11,0,1,5
2009-11-22,1,5,54,0,9,9
2009-04-22,1,6,54,0,10,21
2009-03-22,1,8,42,0,8,8
2008-12-26,1,33,45,0,5,5
2008-06-16,1,11,47,0,6,5
2007-12-30,1,9,44,0,13,8
2007-12-30,1,4,42,0,4,10
2007-05-30,1,2,35,0,3,7
2010-09-15,1,15,48,0,5,12
2010-03-11,1,2,36,0,21,7
2009-09-20,1,0,39,0,7,10
2009-03-09,1,0,42,0,1,17
2007-08-18,1,0,43,0,1,13
2007-02-07,1,0,44,0,2,12
2010-11-15,1,10,38,0,2,13
2010-05-20,1,27,57,0,2,10
2009-11-26,1,0,53,0,2,8
2009-05-11,1,3,38,0,4,13
2008-06-16,1,2,52,0,4,12
2007-12-13,1,0,49,0,1,13
2010-09-13,1,5,55,0,2,10
2010-03-13,1,0,38,0,1,28
2009-09-22,1,0,39,0,1,22
2009-03-09,1,4,34,0,0,15
2009-05-29,1,2,23,0,0,0
2008-11-11,1,3,38,0,4,12
2008-05-14,1,4,40,0,2,10
2007-11-23,1,0,38,0,2,10
2007-11-23,1,0,41,0,1,11
2007-05-15,1,0,44,0,0,2
2009-05-08,1,0,34,0,1,11
2008-01-21,1,17,60,0,2,71
2009-05-14,1,11,74,0,2,94
2008-10-10,1,13,66,0,3,43
2008-04-14,1,3,69,0,2,51
2007-10-20,1,2,37,0,2,30
2007-10-20,1,2,42,0,2,30
2007-04-17,1,14,27,0,1,18
2010-03-19,1,8,23,0,0,6
2009-09-14,1,0,41,0,0,28
2009-03-08,1,3,51,0,2,23
2009-01-22,1,3,46,0,2,16
2008-10-09,1,0,26,0,2,27
2008-04-01,1,0,20,0,1,11
2008-04-01,1,0,35,0,1,11
2007-09-07,1,4,52,0,2,30
2009-05-02,1,0,52,0,3,45
2008-10-14,1,0,41,0,1,34
2008-04-07,1,0,41,0,1,30
2007-10-13,1,0,47,0,1,32
2007-10-13,1,8,45,0,24,6
2007-04-14,1,10,27,0,17,5
2010-06-17,1,15,38,0,21,3
2009-12-11,1,4,32,0,23,3
2009-06-10,1,6,21,0,14,4
2008-11-15,1,25,25,0,14,1
2009-05-12,1,9,17,0,2,3
2008-08-13,1,6,8,0,3,2
2008-02-15,1,8,41,0,2,23
2007-08-18,1,15,41,0,1,9
2007-08-18,1,10,44,0,3,14
2007-02-13,1,13,42,0,3,16
2010-09-08,1,5,47,0,2,17
2010-03-14,1,11,30,0,2,11
2009-09-18,1,8,39,0,0,3
2009-03-10,1,12,38,0,3,11
2008-08-13,1,4,7,0,7,1
2008-02-15,1,0,10,0,6,1
2007-08-18,1,2,4,0,5,1
2007-02-13,1,7,3,0,2,1
2010-08-12,1,4,5,0,2,1
2010-03-05,1,20,6,0,2,0
2009-08-26,1,4,10,0,1,0
2009-01-08,1,4,12,0,4,2
2009-01-08,1,0,6,0,5,0
2008-07-24,1,2,6,0,3,0
2010-05-27,1,4,10,0,3,0
2009-11-25,1,3,0,0,2,0
2009-05-27,1,0,16,0,4,2
2008-11-19,1,11,5,0,2,1
2009-05-06,1,12,2,0,5,3
2009-04-03,1,14,11,0,3,1
2008-12-22,1,12,2,0,0,0
2008-06-08,1,9,1,0,0,0
2007-12-16,1,12,2,0,9,2
2007-06-22,1,12,5,0,7,1
2009-05-02,1,12,7,0,6,1
2008-10-12,1,3,1,0,4,1
2008-04-16,1,10,6,0,2,1
2007-07-14,1,10,17,0,2,0
2009-06-06,1,20,8,0,4,2
2009-05-19,1,24,10,0,3,1
2008-11-18,1,17,10,0,3,1
2008-05-07,1,32,12,0,2,2
2007-11-19,1,16,9,0,3,0
2007-05-13,1,14,8,0,4,3
2009-05-11,1,6,10,0,4,3
2008-09-08,1,13,13,0,4,3
2008-03-22,1,0,13,0,3,2
2007-03-15,1,8,12,0,3,3
2009-11-26,1,12,2,0,1,1
2009-05-12,1,8,42,0,7,19
2009-05-12,1,9,39,0,11,15
2008-02-25,1,0,26,0,6,9
2009-11-26,1,16,23,0,3,6
2009-05-28,1,6,17,0,5,3
2008-09-29,1,28,17,0,4,44
2008-04-10,1,18,20,0,4,41
2010-09-17,1,7,1,0,9,1
2010-03-13,1,0,0,0,27,0
2009-09-24,1,5,0,0,26,0
2009-03-12,1,6,0,0,22,0
2008-08-12,1,2,1,0,22,0
2008-02-13,1,4,2,0,17,1
2008-08-15,1,4,1,0,14,0
2008-02-16,1,33,11,0,3,1
2007-08-17,1,34,11,0,0,1
2007-02-09,1,25,10,0,2,2
2009-11-10,1,29,9,0,3,3
2009-05-04,1,0,2,0,15,0
2008-10-09,1,9,3,0,11,0
2008-04-11,1,0,2,0,25,0
2007-10-13,1,21,3,0,18,1
2007-04-18,1,12,2,0,11,1
2009-11-30,1,4,4,0,4,2
2009-05-30,1,7,3,0,5,2
2010-05-15,1,0,4,0,4,0
2009-11-10,1,0,6,0,0,0
2009-05-19,1,0,3,0,0,0
2008-11-17,1,13,3,0,1,1
2008-05-10,1,10,3,0,1,1
2007-11-20,1,16,3,0,0,0
2007-11-21,1,9,0,0,0,0
2007-05-14,1,8,0,0,1,0
2009-09-26,1,0,8,0,0,0
2009-03-21,1,0,5,0,0,0
2007-08-21,1,30,0,0,1,1
2007-02-22,1,31,2,0,0,0
2008-08-11,1,10,0,0,1,1
2008-02-11,1,6,1,0,1,1
2009-09-20,1,32,4,0,0,0
2009-03-24,1,26,2,0,1,1
2007-12-13,1,26,2,0,0,0
2007-06-29,1,12,0,0,1,0
2009-05-09,1,6,0,0,0,0
2008-10-10,1,1,0,0,1,0
2008-04-18,1,1,0,0,2,2
2007-10-17,1,0,0,0,0,1
2007-10-17,1,6,1,0,1,0
2007-04-17,1,12,0,0,2,0
2009-03-23,1,7,2,0,4,0
2008-11-18,1,0,3,0,2,0
2008-05-15,1,6,2,0,5,1
2007-11-21,1,7,5,0,4,2
2007-11-22,1,10,0,0,0,0
2007-05-08,1,11,0,0,1,0
2010-02-06,1,9,1,0,0,1
2009-08-11,1,8,2,0,1,9
2007-07-05,1,2,0,0,0,1
2007-02-21,1,0,2,0,1,0
2009-05-07,1,8,3,0,0,0
2008-10-14,1,5,0,0,0,0
2008-04-17,1,3,0,0,0,0
2007-10-12,1,6,0,0,1,3
2007-10-12,1,28,0,0,0,0
2007-04-23,1,1,0,0,0,0
2010-11-19,1,4,0,0,0,1
2010-05-13,1,21,0,0,0,0
2009-11-10,1,6,0,0,1,0
2009-05-02,1,20,1,0,0,0
2009-01-10,1,18,3,0,1,0
1986-12-21,2,1270,3450,8,1390,520
1987-09-18,2,754,2647,6,2590,1127
1989-11-16,2,300,700,36,1700,280
2002-09-13,2,796,999,31,1599,234
2010-02-10,2,358,784,130,1165,269
2004-07-21,2,769,999,31,1599,234
1999-09-01,2,295,1466,32,1295,331
1986-11-21,2,507,1053,17,1440,297
2002-09-21,2,290,1260,8,820,231
1985-02-17,2,400,940,24,820,210
2005-03-02,2,290,966,57,1810,299
1986-09-08,2,160,598,7,1801,212
1987-10-20,2,213,384,3,2028,401
2009-12-30,2,512,1127,316,2248,350
1998-08-12,2,521.1,107,9.2,144.7,177.1
2000-06-25,2,162,109,11,183,201
2002-05-13,2,360,100,16,380,230
2006-06-20,2,2177,1049,705,440,207
2009-01-10,2,1790,580,619,336,321
2008-07-20,2,1100,1600,26,2010,221
2008-01-16,2,1550,2740,184,5450,816
2008-01-16,2,605,1586,2.3,1901,655
2007-07-03,2,676.7,969.6,17.5,2483.3,570.6
2009-06-07,2,4480,560,896,403,380
2008-11-10,2,2240,560,940,450,380
2008-05-05,2,740,2227,42,4258,567
2007-11-26,2,388,860,18.3,1833,230
2010-06-26,2,360,610,9,260,259
2009-12-23,2,1450,940,61,322,211
2009-12-23,2,6709,10500,1400,17700,750
2009-06-03,2,1550,2740,816,5450,184
2010-06-14,2,3910,4290,626,6040,1230
2009-12-21,2,12705,23498,6047,34257,5188
2010-09-16,2,54.54,71.93,9.72,97.37,6.58
2010-03-15,2,116.17,180.83,52.48,278.18,5.36
2009-09-20,2,28.97,10.94,1.64,6.96,4.36
2009-03-10,2,15.9,55.98,22.33,137.25,0.21
2008-08-09,2,50.35,65.58,21.05,99.13,0.96
2008-02-07,2,120.45,210.91,35.7,285.39,15.86
2008-02-07,2,5.48,48.82,96.81,489.57,0.3
2007-08-21,2,605,1586,655,1901,2.3
2010-09-08,2,25.4,54.97,8.72,77.84,10.47
2010-03-15,2,131.7,116.55,19.4,183.97,0.32
2009-09-23,2,676.74,969.55,570.57,2483.26,17.48
2009-03-26,2,73.8,148,38.9,181,1.76
2010-05-24,2,18.19,21.99,6.58,46.92,3.97
2009-11-25,2,22400,22400,2690,13440,1570
2010-09-26,2,388,860,230,1833,18.3
2009-05-31,2,103,221.7,47.2,422,0.9
2010-09-10,2,90,313,10,566,67
2010-03-12,2,480,1075,1,1132,298
2009-09-15,2,80,619,0,2480,326
2009-03-08,2,5170,1674,0,380,195
2009-09-20,2,36,245,0.1,332,144
2009-03-09,2,86,187,0.1,363,136
2010-06-10,2,107,143,2,222,34
2009-12-15,2,131,386,5,500,78
2009-06-10,2,194,355,4,589,99
2009-05-13,2,66,322,7,809,112
2010-06-29,2,68,205,0,61,184
2009-12-11,2,198,313,3,727,83
2010-07-19,2,98,309,2,578,104
2009-07-22,2,45,168,82,3.1,330
2010-09-12,2,58,103,51,6,251
2010-03-10,2,56,144,36,1.8,164
2009-09-17,2,82,161,79,8.9,406
2009-03-17,2,129,181,44,0,244
2010-08-09,2,164,244,103,8.3,497
2009-12-13,2,98,123,33,16,296
2010-11-20,2,437,113,9,90,84
2010-05-24,2,305,100,541,161,33
2009-11-11,2,543,120,1880,411,41
2009-05-18,2,1230,163,692,233,27
2010-10-25,2,650,81,270,51,170
2010-04-05,2,4230,690,1180,196,5
2009-10-06,2,1900,285,7730,957,31
2009-05-12,2,1000,500,500,400,1
2009-05-12,2,860,1670,40,2050,30
2009-04-16,2,100,200,11,670,110
2010-11-19,2,116.17,180.83,5.36,278.18,52.48
2010-05-17,2,120.5,210.9,15.9,285.4,35.7
2009-11-26,2,73.8,148,1.8,181,38.9
2009-05-12,2,670,224,2,67,45
2010-09-10,2,2240,360,828,169,25
2010-03-11,2,200,230,480,170,2
2009-09-20,2,890,110,700,84,3
2009-03-06,2,41,112,4536,254,0
2010-11-13,2,111,559,0,707,243
2010-05-23,2,362,533,10,553,91
2009-11-25,2,700,137.4,936.6,194.8,15
2009-05-29,2,480,1075,0,1132,298
2010-09-13,2,8800,64064,72128,95650,0
2010-03-13,2,1100,1600,221,2010,26
2009-09-22,2,290,966,299,1810,57
2009-03-09,2,2500,10500,4790,13500,6
2010-07-15,2,1860,4980,0,10700,1600
2009-07-19,2,860,1670,30,2050,40
2010-11-24,2,400,940,210,820,24
2010-05-13,2,100,200,110,670,11
2009-11-16,2,290,1260,231,820,8
2009-05-07,2,300,700,280,1700,36
2009-09-23,2,107,143,34,222,2
2009-08-28,2,101.5,24.45,8.97,128.37,0
2009-08-24,2,740,2227,567,4258,42
2009-06-30,2,1270,3450,520,1390,8
2010-09-10,2,3420,7870,1500,6990,33
2010-03-10,2,360,610,259,260,9
2009-09-22,2,3675,6392,2500,7691,5
2009-03-20,2,124,166,0,59,87
2010-09-10,2,124,190,0,349,56
2010-03-10,2,60,159,0,161,81
2009-09-20,2,7.8,111,208,1,701
2009-03-08,2,18,135,59,0,208
2010-07-10,2,16,237,92,0,470
2009-12-14,2,15,125,29,7,574
2009-06-06,2,70.4,69.5,28.9,10.4,241.2
2008-05-09,2,130.4,48.8,16.3,123.4,93.4
2008-05-09,2,198,54.3,6.4,148.8,107.1
2007-11-24,2,217.5,40,4.9,67.5,51.8
2009-06-06,2,150,27,3.6,90,63
2008-11-22,2,201,36.1,6,47.2,32.3
2010-09-16,2,645,86,317,110,13
2010-03-11,2,385,60,159,53,8
2009-09-22,2,595,80,244,89,9
2009-03-21,2,1330,10,182,66,20
2008-09-12,2,150,22,11,60,9
2008-03-18,2,54.54,71.93,6.58,97.37,9.72
2010-10-20,2,50.18,171.12,0,148.69,74.7
2010-04-12,2,131.7,116.6,0.3,184,19.4
2009-10-10,2,130,140,0,120,24
2009-03-21,2,84,126,0.4,132.2,29
2008-08-20,2,103,221.7,0.9,422,47.2
2008-02-18,2,150,22,9,60,11
2007-08-23,2,6,2990,29990,26076,67
2007-06-24,2,65,34,16,112,0
2009-05-11,2,23,6,31,23,172
2008-10-13,2,2031,149,1,3,20
2008-04-16,2,29,204,0,17,264
2008-03-20,2,48,610,0.1,10,29
2010-09-11,2,59,93,1,6,89
2010-03-11,2,16,213,0,11,535
2010-07-21,2,22,259,0,9,427
2009-12-18,2,0,211,0,13,655
2009-05-09,2,14,116,1,19,437
2008-10-11,2,25,108,0,18,281
2008-10-11,2,192,45,14,0,51
2008-03-02,2,63,7.4,1.8,6.2,17
2010-06-16,2,54,7,7.4,5.4,8.6
2009-12-14,2,59,28,9,15,70
2009-12-14,2,160,90,27,5,17
2008-12-17,2,78,20,28,13,11
2009-07-15,2,35,6,482,26,3
2009-03-30,2,60,10,4,4,4
2010-07-19,2,95,10,39,11,0
2010-06-20,2,210,22,7,6,6
2009-08-17,2,120,25,40,8,1
2009-07-16,2,8,0,101,43,0
2010-09-15,2,57,24,30,27,2
2009-09-23,2,1,8,6,100,8
2010-07-18,2,50.35,65.6,1,99.1,21.1
2009-12-09,2,87.2,17.3,32.8,12.9,3.9
2010-06-18,2,25.4,55,10.5,77.8,8.7
2010-05-21,2,101.5,24.5,0,128.37,9
2010-08-19,2,34.76,5.52,10.4,5,2.1
2010-02-21,2,18.19,22,4,46.92,6.6
2010-09-16,2,0,224,0,45,0
2010-06-11,2,65,34,0,112,16
2010-11-04,2,60,5,29,6,1
2010-10-29,2,38,3,19.4,4.1,0
2010-10-28,2,253,21.5,72.4,16.1,5.9
2010-10-28,2,131,32,38.7,18.8,7.3
2010-05-19,2,116,20,54,27,7
2010-04-18,2,70,3.8,31.1,3.2,0.6
2010-09-18,2,48,610,0,10,29
2010-09-12,2,2031,149,0,3,20
2010-03-12,2,1,8,8,100,6
2009-09-23,2,21,75,24,126,0
2010-07-21,2,103,74,0,9,80
2010-01-14,2,66,60,0.1,7,2
2009-05-07,2,191,47,0.1,15,43
2009-04-15,2,10,24,0.1,24,372
2010-09-11,2,10,15,5,0,19.5
2010-03-12,2,12,23,9,0,98
2009-12-10,2,4,1,52,7,2
2008-09-09,2,20,80.2,0,68.6,24.6
2008-03-15,2,28.97,10.94,4.36,6.96,1.64
2007-09-06,2,15.9,55.98,0.21,137.25,22.33
2009-11-26,2,47.6,19.1,0.72,27,4.21
2009-05-28,2,2.4,119.7,0,20.2,21.9
2008-11-19,2,5.5,48.8,0.3,489.6,96.8
2008-05-16,2,2,2.1,1.6,0.7,0.5
2007-11-27,2,21,2,5.6,1.5,0.5
2007-05-08,2,1.6,1,1.6,0.9,0.1
2009-05-29,2,224,4.5,0,0,2
2008-11-10,2,65,20,0,5,10
2008-05-07,2,53,39,0,4.5,3
2007-11-24,2,219,44,0,3,3
2007-11-24,2,37,47,0,5.5,10
2007-05-12,2,48,40,0,0.5,11
2009-11-24,2,86,8,0,2.5,2.5
2009-05-12,2,50,3,0,0,1
2009-04-16,2,55,22,0,2.6,0.5
2008-12-17,2,78,66,0,2.6,62
2008-06-11,2,24.3,15.7,29.8,11.2,6.4
2007-12-17,2,21,75,0,126,24
2009-11-25,2,23,60,0.1,56.9,18.6
2009-04-14,2,34,18.9,5.6,9.4,3.7
2009-08-26,2,66,60,0,7,2
2008-04-15,3,2177,1049,705,440,207
2001-09-26,3,1790,580,619,336,321
2008-02-04,3,1570,1110,1830,1780,175
2008-01-23,3,949,557,834,609,551
2010-09-10,3,1115,375,977,899,591
2007-02-05,3,205,370,26,805,535
2010-09-16,3,448,93,7,637,145
2010-09-18,3,2850,1115,3675,1987,138
2009-10-06,3,1770,554.2,885.7,1066.7,145.2
2002-04-08,3,305,100,33,161,541
1982-09-18,3,543,120,41,411,1880
2008-02-18,3,1230,163,27,233,692
2003-09-28,3,6870,1028,79,900,5500
1992-01-05,3,10092,5399,530,6500,37565
1996-02-01,3,4230,690,5,196,1180
2010-09-21,3,7600,1230,318,836,1560
2010-09-20,3,6454,2313,121,2159,6432
2010-12-16,3,2177,1049,207,440,705
2008-09-08,3,1790,580,321,336,619
2010-06-16,3,1900,285,31,957,7730
2007-01-10,3,2850,1115,138,1987,3675
1992-12-14,3,545,130,16,153,239
1995-03-13,3,7150,1440,97,1210,1760
1996-05-16,3,620,325,38,181,244
1999-06-25,3,755,229,32,404,460
2007-06-15,3,13500,6110,212,4510,4040
2009-05-21,3,1570,1110,175,1780,1830
2009-04-14,3,3090,5020,323,3800,2540
2008-08-13,3,1820,405,35,365,634
2008-02-12,3,535,160,16,305,680
2007-08-16,3,1084,188,8,166,769
2007-02-28,3,7940,2000,355,3120,5390
2010-11-17,3,305,100,541,161,33
2010-05-24,3,1230,163,692,233,27
2009-11-14,3,4230,690,1180,196,5
2009-05-02,3,217,286,884,458,14
2008-10-14,3,441,207,261,224,43
2008-04-08,3,176,205.9,68.7,75.7,47.7
2007-10-12,3,545,130,239,153,16
2007-04-15,3,755,229,460,404,32
2009-11-13,3,1820,405,634,365,35
2009-05-02,3,260,215,277,334,35
2008-08-09,3,1500,395,323,395,28
2008-04-08,3,3700,1690,3270,2810,128
2010-09-20,3,2770,660,763,712,54
2010-03-17,3,1170,255,325,312,18
2009-09-24,3,5100,1430,1010,1140,1
2009-03-23,3,535,160,680,305,16
2009-11-25,3,530,345,250,266,85
2009-05-30,3,590,1500,2300,1200,68
2008-06-02,3,99,170,190,200,20
2007-12-08,3,1900,530,434,383,35
2009-09-22,3,245,120,167,131,18
2009-03-23,3,810,580,490,570,111
2008-09-09,3,5000,1200,1100,1000,83
2008-03-15,3,512,364,820,656,33
2007-09-06,3,455,112,206,153,13
2007-03-22,3,761,134,272,228,12
2010-11-17,3,504,142,389,228,14
2010-05-30,3,941,192,771,352,20
2007-11-26,3,3389,589,3984,726,92
2007-05-18,3,1381,550,436,434,28
2009-09-19,3,338,168,364,247,20
2009-02-10,3,597,405,1982,768,50
2008-05-16,3,45,431,210,2,517
2007-11-21,3,125,390,202,0.69,497
2007-11-21,3,620,325,244,181,38
2007-05-14,3,5100,1430,1010,1140,0
2010-09-11,3,1084,188,769,166,8
2010-03-13,3,150,130,30,55,9
2009-09-15,3,420,250,800,530,41
2009-04-04,3,310,230,760,610,54
2009-03-09,3,800,160,600,260,23
2008-08-14,3,810,280,490,570,111
2008-02-16,3,1570,735,1740,1330,87
2007-02-10,3,5760,540,2760,1000,40.5
2010-05-30,3,2240,157,45,45,90
2009-12-11,3,645,86,13,110,317
2009-11-29,3,650,81,170,51,270
2009-05-10,3,385,60,8,53,159
2008-06-13,3,595,80,9,89,244
2007-12-15,3,1330,10,20,66,182
2010-09-11,3,1000,500,1,400,500
2010-03-13,3,440,89,19,304,757
2009-09-15,3,210,43,12,102,187
2009-03-09,3,7020,1850,0,2960,4410
2008-08-14,3,5100,1430,0,1140,1010
2008-02-16,3,150,130,9,55,30
2009-08-25,3,645,86,317,110,13
2009-01-28,3,1330,10,182,66,20
2008-07-26,3,595,80,244,89,9
2008-01-17,3,385,60,159,53,8
2007-07-19,3,206,42,221,82,16
2007-01-16,3,193,48,66,154,22
2009-10-17,3,440,89,757,304,19
2009-04-27,3,120,31,94,66,1
2008-01-04,3,220,77,240,170,22
2007-07-13,3,305,85,130,197,25
2007-07-13,3,110,62,250,140,90
2007-01-09,3,196,64,365,96,8
2010-11-19,3,288,72,218,138,8
2010-05-20,3,65,26.1,10.1,57.8,41.6
2008-10-09,3,64,22,20.7,95.1,51.7
2008-04-18,3,65,150,45,0,54
2010-11-20,3,3930,2397,0,0,157
2010-05-15,3,210,43,187,102,12
2009-11-27,3,120,31,94,66,0
2009-05-29,3,137,67,104,53,7
2007-11-28,3,40,102.6,0.2,183.3,32.3
2007-05-14,3,1600,3600,0,14,670
2008-12-12,3,1950,123,2,2,38
2008-06-13,3,390,62.6,133.6,65.3,12.8
2010-09-18,3,3930,2397,157,0,0
2010-03-11,3,37800,1740,249,8,8
2009-09-21,3,8266,1061,22,0,0
2009-03-05,3,9340,995,60,6,7
2008-08-05,3,36036,4704,554,5,10
2008-02-09,3,33046,619,58,2,0
2007-08-16,3,40280,1069,1060,1,1
2007-02-17,3,26788,18342,2111,27,0
2010-09-14,3,35,6,3,26,482
2010-03-15,3,137,67,7,53,104
2009-08-16,3,240,20,96,28,5
2009-01-17,3,56,61,31,32,75
2009-10-03,3,78,20,28,13,11
2009-03-14,3,95,10,39,11,0
2010-09-20,3,120,25,40,8,1
2010-03-16,3,127,24,81,32,0.0001
2010-05-25,3,154,11,3,8,14
2009-11-28,3,127,24,81,32,0
2009-05-29,3,75,15,26,14,7
2008-11-21,3,60,5,21,21,2
2008-05-13,3,90,28,32,31,8
2007-11-21,3,57,4,15,31,3
2009-05-07,3,991,126,0,18,44
2008-10-23,3,22,187,0,17,745
2008-04-30,3,33,106,0,30,164
2007-11-24,3,22,202,0,3,386
2007-11-24,3,8,4,2,45,0
2007-05-06,3,21,29,62,49,3
2010-06-30,3,49,1,3,3,0
2009-12-15,3,49,41.6,25.1,15.7,124
2009-06-05,3,41.3,6.8,40.4,8.15,4.6
2008-11-22,3,4,70.7,76,18.9,211
2008-05-10,3,34,21,56,49,4
2007-11-29,3,462,212.4,0,0,31.6
2009-09-21,3,2240,168,0,0,25
2009-03-08,3,73,8,12,2,4
2008-08-16,3,92600,10200,0,0,0
2008-02-25,3,78,20,11,13,28
2009-09-21,3,60,10,4,4,4
2009-03-08,3,210,22,6,6,7
2010-05-24,3,57,24,2,27,30
2009-11-25,3,120,31,0,66,94
2010-09-09,3,34,21,4,49,56
2010-03-12,3,2587,7.88,0,1.4,4.7
2009-09-22,3,160,10,1,1,3
2009-03-26,3,0,3,3,20,5
2008-09-04,3,5,100,0,10,127
2008-03-14,3,73,19,1,13,9
2007-09-06,3,21,7.6,4.7,26.73,96.3
2007-03-23,3,29,7.52,5.5,5.4,14.8
2009-05-27,3,6.3,7.87,6.97,11.1,3.03
2008-11-09,3,23.4,14.3,7.12,3.44,9.71
2008-05-05,3,15.2,2.4,4.8,27.2,4.5
2007-11-22,3,22,12,4.6,7.4,6.3
2008-08-15,3,13,3,6,3,1
2008-02-22,3,88,9,0,0,0
2007-08-16,3,95,10,0,11,39
2007-02-11,3,120,25,1,8,40
2010-09-18,3,8,0,0,43,101
2010-03-12,3,4,1,2,7,52
